D:\研究生\大四\代码\自学经典算法\pythonProject_recommand\venv\Scripts\python.exe D:\研究生\大四\代码\自学经典算法\recommendAl\test.py 
100%|██████████| 1/1 [00:14<00:00, 14.39s/it]
1 3 79
2 1 12
3 0 5
4 1 8
5 2 25
6 1 64
7 3 135
8 3 22
9 0 9
10 3 82
11 1 37
12 1 25
13 3 107
14 3 41
15 0 15
16 2 59
17 1 2
18 2 69
19 0 5
20 0 6
21 2 21
22 1 36
23 3 35
24 1 22
25 3 30
26 2 6
27 1 6
28 2 27
29 0 10
30 1 12
31 0 10
32 0 6
33 0 7
34 0 9
35 0 3
36 0 7
37 0 15
38 1 33
39 0 5
40 0 6
41 4 13
42 0 63
43 5 75
44 2 47
45 3 12
46 2 12
47 0 6
48 2 21
49 1 25
50 0 6
51 0 3
52 0 17
53 3 6
54 3 25
55 0 4
56 3 56
57 1 20
58 2 52
59 3 112
60 0 76
61 0 3
62 3 55
63 2 17
64 3 54
65 0 25
66 2 9
67 0 13
68 1 6
69 3 16
70 1 30
71 0 9
72 2 50
73 2 22
74 1 8
75 1 18
76 1 21
77 2 18
78 0 4
79 2 17
80 0 7
81 0 11
82 1 34
83 2 48
84 0 19
85 2 69
86 0 4
87 0 62
88 0 7
89 1 24
90 1 108
91 2 34
92 2 76
93 0 8
94 5 106
95 3 61
96 3 24
97 2 24
98 0 3
99 4 38
100 0 8
101 1 6
102 1 12
103 2 9
104 1 7
105 0 4
106 1 26
107 0 5
108 2 8
109 3 49
110 0 13
111 0 7
112 0 14
113 1 11
114 1 9
115 3 29
116 0 14
117 3 36
118 1 26
119 2 64
120 1 7
121 1 15
122 0 19
123 1 13
124 0 6
125 3 45
126 0 10
127 0 10
128 2 57
129 0 2
130 3 121
131 2 12
132 0 4
133 0 2
134 0 8
135 0 18
136 1 13
137 1 22
138 1 22
139 1 8
140 0 4
141 2 24
142 1 7
143 0 4
144 4 63
145 3 63
146 0 6
147 0 9
148 1 24
149 0 3
150 4 18
151 2 99
152 0 29
153 0 2
154 1 17
155 0 2
156 0 11
157 2 15
158 4 47
159 1 21
160 3 35
161 0 4
162 3 17
163 0 6
164 1 25
165 2 9
166 0 7
167 0 12
168 2 18
169 3 11
170 0 4
171 0 5
172 0 5
173 0 13
174 0 45
175 1 8
176 2 15
177 1 30
178 4 76
179 0 10
180 0 19
181 0 9
182 0 6
183 0 9
184 2 60
185 1 22
186 1 25
187 0 15
188 1 31
189 4 56
190 0 10
191 0 6
192 2 10
193 3 25
194 2 44
195 2 25
196 0 14
197 3 33
198 2 31
199 0 9
200 2 83
201 2 54
202 0 2
203 2 11
204 0 11
205 0 4
206 0 9
207 1 39
208 0 16
209 1 7
210 3 49
211 1 4
212 0 5
213 3 50
214 0 46
215 0 27
216 1 34
217 0 16
218 1 9
219 0 6
220 0 9
221 1 37
222 4 68
223 1 21
224 0 24
225 0 10
226 0 15
227 1 14
228 0 7
229 0 4
230 2 38
231 1 8
232 2 32
233 1 36
234 1 68
235 2 41
236 0 33
237 1 19
238 0 5
239 0 57
240 0 5
241 0 6
242 0 8
243 1 24
244 3 76
245 2 5
246 2 31
247 2 9
248 3 21
249 3 53
250 2 40
251 3 22
252 1 9
253 2 32
254 2 22
255 0 11
256 2 62
257 2 16
258 0 10
259 0 15
260 0 8
261 0 12
262 0 25
263 1 47
264 0 45
265 1 10
266 0 4
267 1 52
268 1 47
269 2 70
270 1 58
271 2 66
272 1 17
273 0 7
274 3 25
275 1 13
276 4 131
277 0 18
278 0 10
279 1 98
280 2 51
281 0 4
282 0 7
283 1 21
284 0 10
285 0 13
286 3 77
287 1 29
288 3 25
289 0 6
290 1 27
291 2 80
292 4 56
293 0 50
294 2 32
295 1 85
296 3 57
297 2 49
298 2 31
299 2 65
300 0 5
301 4 69
302 0 1
303 4 105
304 0 5
305 2 48
306 1 14
307 2 39
308 5 109
309 0 3
310 1 12
311 4 100
312 1 69
313 3 60
314 0 67
315 2 32
316 0 23
317 0 5
318 1 51
319 0 6
320 2 51
321 2 29
322 1 18
323 2 25
324 2 12
325 3 35
326 1 35
327 1 61
328 2 54
329 3 17
330 3 56
331 1 16
332 4 51
333 0 8
334 2 66
335 0 5
336 0 11
337 0 8
338 1 23
339 3 67
340 3 16
341 0 6
342 1 38
343 1 59
344 0 45
345 2 53
346 1 22
347 3 44
348 2 23
349 0 5
350 2 13
351 0 12
352 1 9
353 0 2
354 1 51
355 0 6
356 0 6
357 0 21
358 0 5
359 1 8
360 2 24
361 1 29
362 0 4
363 0 39
364 0 4
365 1 10
366 0 13
367 1 21
368 1 5
369 1 3
370 0 12
371 1 10
372 0 19
373 0 49
374 2 40
375 0 6
376 0 5
377 0 8
378 4 51
379 2 46
380 1 20
381 2 27
382 0 7
383 0 16
384 0 5
385 0 35
386 1 1
387 0 46
388 0 9
389 2 42
390 2 9
391 1 17
392 0 22
393 1 62
394 2 19
395 2 7
396 1 10
397 0 10
398 2 30
399 0 12
400 0 2
401 1 17
402 1 11
403 1 3
404 0 4
405 1 21
406 2 42
407 2 19
408 0 1
409 2 24
410 0 1
411 1 6
412 0 10
413 0 6
414 1 1
415 0 2
416 4 49
417 1 26
418 0 2
419 0 3
420 0 2
421 0 6
422 1 12
423 1 8
424 0 3
425 0 9
426 0 11
427 0 6
428 0 6
429 1 26
430 0 4
431 0 3
432 1 7
433 1 3
434 0 1
435 1 15
436 0 12
437 0 15
438 1 3
439 0 1
440 0 3
442 0 5
444 1 3
445 0 1
447 1 8
448 0 2
449 0 6
450 2 35
451 0 3
452 0 2
453 1 5
454 0 4
455 0 2
456 0 1
457 0 7
458 0 3
462 0 1
Pre@5:0.2189
Rec@5:0.0554
Running time:38.83s

Process finished with exit code 0
